1 -0.0755526 -0.111261 -inf -inf -inf -0.13374 -0.121038 -0.132362
2 -0.0662633 -0.0988126 -inf -inf -inf -0.0855442 -0.085532 -0.0825144
3 -0.062942 -0.0986577 -inf -inf -inf -0.0771809 -0.0780624 -0.0763588
4 -0.0603757 -0.0995971 -inf -inf -inf -0.0763165 -0.0741538 -0.074734
5 -0.0597269 -0.0967059 -inf -inf -inf -0.0720396 -0.074042 -0.0714913
6 -0.0592638 -0.0993921 -inf -inf -inf -0.0749395 -0.071795 -0.0745281
7 -0.0583736 -0.100489 -inf -inf -inf -0.0723187 -0.0733305 -0.0736787
8 -0.0584415 -0.0938068 -inf -inf -inf -0.072024 -0.06957 -0.0713225
9 -0.0578276 -0.0907709 -inf -inf -inf -0.0714868 -0.0701572 -0.0706719
10 -0.0580751 -0.0940444 -inf -inf -inf -0.0735279 -0.0742061 -0.0682017
11 -0.0572173 -0.100464 -inf -inf -inf -0.0740853 -0.0721244 -0.0721062
12 -0.0575786 -0.0957159 -inf -inf -inf -0.0722003 -0.0692116 -0.0689627
13 -0.0569392 -0.0891598 -inf -inf -inf -0.0711394 -0.0697892 -0.0732443
14 -0.0567592 -0.091728 -inf -inf -inf -0.0713741 -0.0715105 -0.0701047
15 -0.056758 -0.0921338 -inf -inf -inf -0.0727516 -0.069638 -0.0697653
16 -0.0566317 -0.0914643 -inf -inf -inf -0.0747797 -0.0690583 -0.0668423
17 -0.0565039 -0.0939946 -inf -inf -inf -0.0693979 -0.0705777 -0.0723082
18 -0.0565523 -0.0967677 -inf -inf -inf -0.0729002 -0.0713737 -0.0695904
19 -0.0562123 -0.0917379 -inf -inf -inf -0.0674548 -0.0686186 -0.0662502
20 -0.0560292 -0.0960367 -inf -inf -inf -0.0709462 -0.0697371 -0.0686059
21 -0.0560483 -0.091599 -inf -inf -inf -0.0708585 -0.0683174 -0.0703214
22 -0.0560703 -0.0921165 -inf -inf -inf -0.0701414 -0.0682531 -0.0739957
23 -0.0559738 -0.0902198 -inf -inf -inf -0.0713156 -0.072683 -0.0691895
24 -0.0559265 -0.0962009 -inf -inf -0.201672 -0.0689745 -0.0676832 -0.0692805
25 -0.0561393 -0.0900289 -inf -inf -0.19861 -0.0695553 -0.068084 -0.0711991
26 -0.0560015 -0.0982319 -inf -inf -0.204809 -0.0701519 -0.0682001 -0.0713335
27 -0.055658 -0.0895818 -inf -inf -0.151022 -0.0715637 -0.0703912 -0.071736
28 -0.0559857 -0.0928561 -inf -inf -inf -0.0732434 -0.0708638 -0.0718358
29 -0.0559213 -0.101874 -inf -inf -inf -0.0690285 -0.0682202 -0.0720526
30 -0.0555158 -0.0915891 -inf -inf -inf -0.068183 -0.068001 -0.0708361
31 -0.0558261 -0.0908469 -inf -inf -inf -0.0699304 -0.0689304 -0.0675893
32 -0.0559674 -0.0963755 -inf -inf -inf -0.0679116 -0.0699782 -0.0701561
33 -0.0561604 -0.0926978 -inf -inf -inf -0.0670427 -0.0705475 -0.0707474
34 -0.0557011 -0.0877412 -inf -inf -inf -0.0673078 -0.0695579 -0.0711738
35 -0.0558977 -0.100585 -inf -inf -inf -0.0721664 -0.0702957 -0.0671317
36 -0.0557949 -0.0876583 -inf -inf -0.180448 -0.0729111 -0.0683309 -0.0696142
37 -0.0556318 -0.0986305 -inf -inf -0.190753 -0.0682795 -0.0698687 -0.0714132
38 -0.0553838 -0.0938329 -inf -inf -0.188991 -0.068374 -0.0698384 -0.0678757
39 -0.0553772 -0.0912569 -inf -inf -inf -0.0703765 -0.0703617 -0.0704393
40 -0.0556454 -0.094617 -inf -inf -inf -0.0668907 -0.0681663 -0.0697465
41 -0.0554899 -0.0915361 -inf -inf -inf -0.0682365 -0.0725052 -0.0662498
42 -0.0558506 -0.0997022 -inf -inf -inf -0.0687291 -0.0687059 -0.0700282
43 -0.055443 -0.0961685 -inf -inf -inf -0.0717726 -0.0655569 -0.0680293
44 -0.0555869 -0.0910238 -inf -inf -inf -0.0669712 -0.0692611 -0.0721982
45 -0.0553806 -0.0936822 -inf -inf -inf -0.0735334 -0.0677357 -0.0689957
46 -0.0550863 -0.0937474 -inf -inf -inf -0.0690947 -0.0699779 -0.069502
47 -0.0551382 -0.0966502 -inf -inf -inf -0.0695706 -0.0691326 -0.0703417
48 -0.0552322 -0.0964468 -inf -inf -inf -0.0672584 -0.0700358 -0.0707177
49 -0.0551186 -0.0960369 -inf -inf -inf -0.0717961 -0.0692756 -0.0663347
50 -0.0554221 -0.0932715 -inf -inf -inf -0.0732512 -0.0673554 -0.0722972
