1 -0.0937871 -0.117074 -0.0978827 -0.108051 -0.103096
2 -0.0764477 -0.0997224 -0.0809507 -0.0957813 -0.0881149
3 -0.066721 -0.0963991 -0.0711974 -0.0829931 -0.0819099
4 -0.0639658 -0.0970075 -0.0671648 -0.0769676 -0.0772115
5 -0.0617445 -0.10199 -0.0657395 -0.0762939 -0.0745814
6 -0.0607275 -0.0920736 -0.0647208 -0.0751045 -0.0738365
7 -0.0596705 -0.107251 -0.0637928 -0.0735214 -0.0720059
8 -0.0590301 -0.089581 -0.0632793 -0.0735844 -0.0715599
9 -0.0587397 -0.0926815 -0.0629033 -0.073655 -0.0718812
10 -0.0581553 -0.0909063 -0.0622205 -0.0715088 -0.0703956
11 -0.0578142 -0.093724 -0.0618132 -0.0718003 -0.0709619
12 -0.0577964 -0.0973612 -0.0614328 -0.0709628 -0.07092
13 -0.0576881 -0.101858 -0.0612528 -0.071022 -0.0696312
14 -0.0574523 -0.09062 -0.0611789 -0.0725386 -0.0702378
15 -0.0569345 -0.0917103 -0.0610813 -0.0714194 -0.0694439
16 -0.0568498 -0.0963957 -0.0615044 -0.0716331 -0.0701167
17 -0.0569098 -0.0937775 -0.061093 -0.0704283 -0.0696318
18 -0.0564608 -0.0983844 -0.0605471 -0.0709804 -0.0689787
19 -0.0563925 -0.100934 -0.0603471 -0.0716049 -0.0684592
20 -0.0563901 -0.0907219 -0.0607383 -0.0705283 -0.0693269
21 -0.0561104 -0.0971488 -0.0604905 -0.0706372 -0.0693449
22 -0.0565074 -0.0982113 -0.0604328 -0.0696274 -0.068457
23 -0.0565365 -0.101965 -0.0603376 -0.0703893 -0.0691767
24 -0.0557734 -0.0897968 -0.0601252 -0.0693096 -0.0684233
25 -0.0562066 -0.0910831 -0.0602791 -0.0698771 -0.0688075
26 -0.0558705 -0.0890407 -0.0599422 -0.06993 -0.0683521
27 -0.0560402 -0.0959248 -0.05992 -0.0689145 -0.0679109
28 -0.0560098 -0.0964345 -0.0600047 -0.072116 -0.0693357
29 -0.0557505 -0.0960256 -0.0600413 -0.0696325 -0.0687339
30 -0.0555885 -0.0910686 -0.0597845 -0.0703739 -0.0675343
31 -0.0555719 -0.0897236 -0.0597842 -0.0716281 -0.0685652
32 -0.0551703 -0.0935944 -0.0599747 -0.0725909 -0.0680627
33 -0.056207 -0.0920291 -0.0597377 -0.0704735 -0.0687706
34 -0.055649 -0.0961095 -0.0596032 -0.0704792 -0.0679625
35 -0.0557283 -0.0938579 -0.0599507 -0.0692734 -0.0684044
36 -0.055586 -0.0970981 -0.0599458 -0.0700647 -0.0679846
37 -0.0557058 -0.0925971 -0.0597186 -0.0704707 -0.0689185
38 -0.0554946 -0.0989674 -0.0598974 -0.0699324 -0.0683219
39 -0.0555385 -0.0929443 -0.0599574 -0.0693187 -0.069385
40 -0.0555013 -0.102757 -0.0598468 -0.0686261 -0.0686077
41 -0.0559526 -0.0978944 -0.0599808 -0.0701811 -0.0682488
42 -0.0555367 -0.092375 -0.0598631 -0.0704144 -0.0682081
43 -0.0556506 -0.0939118 -0.0601381 -0.0697671 -0.0687474
44 -0.0559333 -0.0968613 -0.0599344 -0.0690466 -0.0678861
45 -0.0554759 -0.0941446 -0.0596233 -0.0696771 -0.0680966
46 -0.0554294 -0.0972002 -0.0599036 -0.071138 -0.068448
47 -0.0551333 -0.095692 -0.0599662 -0.0701179 -0.0675174
48 -0.055545 -0.0895021 -0.0599159 -0.0704607 -0.0684034
49 -0.0550381 -0.094439 -0.0599615 -0.0691318 -0.0680561
50 -0.0554979 -0.0933092 -0.0590618 -0.069728 -0.0682148
