1 -0.075521 -0.104339
2 -0.0659821 -0.101766
3 -0.0625812 -0.100453
4 -0.0604519 -0.0968148
5 -0.0602791 -0.0923689
6 -0.0593046 -0.0983353
7 -0.0583536 -0.090186
8 -0.058441 -0.0967456
9 -0.0580121 -0.0898432
10 -0.0573785 -0.0927858
11 -0.0573983 -0.102665
12 -0.0569691 -0.0937555
13 -0.0571985 -0.0927267
14 -0.0566448 -0.093388
15 -0.0570153 -0.0927125
16 -0.0565189 -0.0891095
17 -0.0567166 -0.0928242
18 -0.0566346 -0.0947427
19 -0.056557 -0.0929994
20 -0.0562556 -0.0959045
21 -0.0565468 -0.0925526
22 -0.0563865 -0.0921336
23 -0.0559875 -0.0946188
24 -0.0557304 -0.0914021
25 -0.0563848 -0.0922165
26 -0.0559705 -0.0898845
27 -0.0559397 -0.0934979
28 -0.0555585 -0.0925299
29 -0.0557073 -0.0955797
30 -0.0562281 -0.0910444
31 -0.0558807 -0.0920388
32 -0.0554904 -0.0916701
33 -0.0553641 -0.0904616
34 -0.0557302 -0.0946192
35 -0.0555784 -0.0949553
36 -0.0558094 -0.102839
37 -0.0554937 -0.0944064
38 -0.0555503 -0.0934464
39 -0.0553475 -0.0952204
40 -0.0553027 -0.0943152
41 -0.0555651 -0.0949776
42 -0.0553951 -0.095121
43 -0.0552324 -0.0928436
44 -0.056469 -0.0915096
45 -0.0558013 -0.0903291
46 -0.0554646 -0.0952364
47 -0.0554156 -0.0940116
48 -0.0555038 -0.0913916
49 -0.0556512 -0.0917342
50 -0.055679 -0.0974514
51 -0.0549807 -0.0947747
52 -0.0553807 -0.0934821
53 -0.0554404 -0.095654
54 -0.0552338 -0.0932984
55 -0.0555875 -0.0912111
56 -0.055425 -0.0926129
57 -0.0554285 -0.097945
58 -0.055829 -0.090061
59 -0.0550866 -0.0878599
60 -0.0551755 -0.0913449
61 -0.0552854 -0.0973379
62 -0.0554957 -0.091346
63 -0.055043 -0.0938591
64 -0.0552589 -0.0979577
65 -0.0554581 -0.0903743
66 -0.0555836 -0.0958261
67 -0.0552307 -0.0920848
68 -0.0550767 -0.0954441
69 -0.0551147 -0.0936137
70 -0.0551282 -0.0975058
71 -0.0546775 -0.0924216
72 -0.0547749 -0.0959655
73 -0.0548502 -0.0906891
74 -0.0552343 -0.0951207
75 -0.0550726 -0.101078
76 -0.0553898 -0.102019
77 -0.0554637 -0.0924953
78 -0.0550302 -0.0957482
79 -0.0553736 -0.0976648
80 -0.055235 -0.0952688
81 -0.0551205 -0.0978018
82 -0.0552579 -0.0858866
83 -0.0552547 -0.0965583
84 -0.055269 -0.0910398
85 -0.054889 -0.0942362
86 -0.0548562 -0.102854
87 -0.0549641 -0.0946707
88 -0.0550447 -0.0946983
89 -0.0553142 -0.0897488
90 -0.0549689 -0.0913023
91 -0.0551588 -0.0986106
92 -0.0554729 -0.0923608
93 -0.0556866 -0.0942238
94 -0.0551997 -0.0918782
95 -0.0551788 -0.0940313
96 -0.0552033 -0.0885591
97 -0.0550963 -0.092102
98 -0.0551509 -0.0908503
99 -0.0546987 -0.0894745
100 -0.0546459 -0.100034
