1 -0.0758985 -0.109203 -inf -inf -inf -0.142133 -0.127214 -0.121073
2 -0.0661928 -0.0987275 -inf -inf -inf -0.0793964 -0.0847733 -0.082658
3 -0.0627529 -0.099227 -inf -inf -inf -0.0816734 -0.0796391 -0.0773022
4 -0.06086 -0.0926643 -inf -inf -inf -0.0752265 -0.0748544 -0.0733892
5 -0.0597224 -0.0955162 -inf -inf -inf -0.0736904 -0.0735977 -0.0739445
6 -0.0590789 -0.0895208 -inf -inf -inf -0.0732985 -0.0723149 -0.074701
7 -0.0587741 -0.0915949 -inf -inf -inf -0.0723505 -0.0699564 -0.0710541
8 -0.0583399 -0.0933592 -inf -inf -inf -0.0701078 -0.070641 -0.0717357
9 -0.0576836 -0.0901087 -inf -inf -inf -0.0728215 -0.0696795 -0.0705001
10 -0.0577505 -0.0937033 -inf -inf -inf -0.0767286 -0.0687474 -0.0700727
11 -0.0573779 -0.0954827 -inf -inf -inf -0.0731286 -0.0708143 -0.070704
12 -0.0573379 -0.091444 -inf -inf -inf -0.0719898 -0.0701589 -0.0695013
13 -0.0568335 -0.0961848 -inf -inf -inf -0.0758562 -0.0681306 -0.0699375
14 -0.0567965 -0.0913277 -inf -inf -inf -0.077283 -0.0689978 -0.0702501
15 -0.0568941 -0.0880215 -inf -inf -inf -0.0727681 -0.0680537 -0.0690872
16 -0.0562868 -0.0902056 -inf -inf -inf -0.0732073 -0.0702668 -0.0693792
17 -0.056508 -0.0904039 -inf -inf -inf -0.0702393 -0.0694595 -0.0675157
18 -0.0559075 -0.0916001 -inf -inf -inf -0.0683748 -0.0700139 -0.071468
19 -0.056355 -0.0920525 -inf -inf -inf -0.0685004 -0.0730661 -0.0724292
20 -0.0562991 -0.0918419 -inf -inf -inf -0.0693598 -0.0678183 -0.0684069
21 -0.0564698 -0.092531 -inf -inf -inf -0.069669 -0.0700856 -0.0717839
22 -0.05579 -0.0923906 -inf -inf -inf -0.0675098 -0.0711051 -0.0705525
23 -0.0560877 -0.0887686 -inf -inf -inf -0.0747849 -0.069123 -0.0707714
24 -0.0557028 -0.093 -inf -inf -0.197865 -0.074026 -0.0685562 -0.0673155
25 -0.0559102 -0.0953666 -inf -inf -inf -0.07164 -0.0697926 -0.0705399
26 -0.056207 -0.0914188 -inf -inf -inf -0.070761 -0.0688708 -0.0719969
27 -0.0556953 -0.0917209 -inf -inf -inf -0.0659699 -0.0692054 -0.0690787
28 -0.0556391 -0.0944337 -inf -inf -inf -0.0674388 -0.0699979 -0.0678879
29 -0.0552807 -0.0976629 -inf -inf -inf -0.0709984 -0.0699766 -0.0690077
30 -0.0553311 -0.0912001 -inf -inf -inf -0.0696094 -0.0716136 -0.0703297
31 -0.0556277 -0.0923883 -inf -inf -inf -0.0724617 -0.0707368 -0.0679343
32 -0.0555574 -0.0951681 -inf -inf -inf -0.0686835 -0.0676173 -0.0668149
33 -0.0558779 -0.0957481 -inf -inf -inf -0.0725297 -0.0694019 -0.0691285
34 -0.0555308 -0.092616 -inf -inf -inf -0.069819 -0.0695538 -0.0679361
35 -0.0556517 -0.0945777 -inf -inf -inf -0.07204 -0.0688416 -0.0671865
36 -0.0557062 -0.0989807 -inf -inf -inf -0.0677642 -0.0711457 -0.0682226
37 -0.055626 -0.0956866 -inf -inf -inf -0.070513 -0.0685182 -0.0691795
38 -0.0555703 -0.0973985 -inf -inf -inf -0.0739123 -0.0682964 -0.0724771
39 -0.0555689 -0.0899043 -inf -inf -inf -0.0685188 -0.0712466 -0.0711553
40 -0.0552718 -0.0986221 -inf -inf -inf -0.0729058 -0.0694938 -0.0715975
41 -0.0557289 -0.0942864 -inf -inf -inf -0.0705643 -0.0711415 -0.0706507
42 -0.0555133 -0.0950653 -inf -inf -inf -0.073173 -0.0680983 -0.0690405
43 -0.0561282 -0.0924233 -inf -inf -inf -0.0690727 -0.0702636 -0.0712628
44 -0.0555327 -0.101303 -inf -inf -inf -0.0674571 -0.0675395 -0.0726474
45 -0.0552959 -0.095364 -inf -inf -inf -0.0700177 -0.0703533 -0.068974
46 -0.0550871 -0.0935126 -inf -inf -0.233612 -0.0679798 -0.0689553 -0.0672987
47 -0.0552853 -0.0903412 -inf -inf -0.228476 -0.067597 -0.0678872 -0.0668186
48 -0.0551053 -0.0889419 -inf -inf -0.240794 -0.0694061 -0.068551 -0.0684337
49 -0.0551752 -0.0886996 -inf -inf -0.248349 -0.0683669 -0.0674057 -0.0680412
50 -0.0553863 -0.0967805 -inf -inf -0.257207 -0.0673082 -0.0687458 -0.0687479
